    'scenario_27': {
        'positions': [
            (19.3, 26.4),  # 장애물 1
            (22.8, 21.8),  # 장애물 2
            (29.5, 13.8),  # 장애물 3
            (11.0, 23.3),  # 장애물 4
            (27.5, 27.8),  # 장애물 5
        ],
        'targets': [
            [(19.3, 26.4), (17.6, 30.6), (16.5, 31.7), (19.3, 26.4)],
            [(22.8, 21.8), (18.5, 21.2), (23.0, 24.9), (22.8, 21.8)],
            [(29.5, 13.8), (24.1, 17.9), (33.8, 9.0), (29.6, 9.1), (29.5, 13.8)],
            [(11.0, 23.3), (14.5, 26.6), (9.6, 28.2), (11.0, 23.3)],
            [(27.5, 27.8), (20.9, 25.5), (25.3, 30.7), (28.3, 24.7), (27.5, 27.8)],
        ]
    }