    'scenario_10': {
        'positions': [
            (10.2, 12.5),  # 장애물 1
            (15.6, 12.7),  # 장애물 2
            (14.4, 28.4),  # 장애물 3
            (29.0, 28.6),  # 장애물 4
            (22.9, 22.1),  # 장애물 5
        ],
        'targets': [
            [(10.2, 12.5), (12.3, 7.9), (12.4, 17.9), (7.3, 11.7), (9.1, 8.9), (10.2, 12.5)],
            [(15.6, 12.7), (18.2, 14.5), (10.9, 9.8), (15.6, 12.7)],
            [(14.4, 28.4), (19.5, 26.5), (17.8, 31.1), (11.0, 30.3), (9.2, 31.5), (14.4, 28.4)],
            [(29.0, 28.6), (25.3, 26.0), (31.7, 24.7), (29.0, 28.6)],
            [(22.9, 22.1), (19.9, 23.4), (17.6, 19.7), (22.9, 22.1)],
        ]
    }