    'scenario_23': {
        'positions': [
            (29.5, 10.1),  # 장애물 1
            (13.4, 19.6),  # 장애물 2
            (18.6, 18.7),  # 장애물 3
            (20.1, 9.0),  # 장애물 4
            (27.6, 22.7),  # 장애물 5
        ],
        'targets': [
            [(29.5, 10.1), (26.3, 12.1), (27.7, 14.4), (33.4, 12.5), (29.5, 10.1)],
            [(13.4, 19.6), (9.9, 20.7), (16.8, 18.2), (17.2, 24.5), (12.8, 13.2), (13.4, 19.6)],
            [(18.6, 18.7), (23.7, 19.5), (16.8, 15.6), (18.6, 18.7)],
            [(20.1, 9.0), (18.6, 11.7), (22.0, 5.8), (17.1, 5.0), (20.1, 9.0)],
            [(27.6, 22.7), (27.5, 17.2), (23.4, 21.1), (30.0, 28.8), (27.6, 22.7)],
        ]
    }