    'scenario_17': {
        'positions': [
            (19.2, 29.1),  # 장애물 1
            (11.5, 25.7),  # 장애물 2
            (19.0, 5.6),  # 장애물 3
            (12.6, 7.4),  # 장애물 4
            (9.2, 17.9),  # 장애물 5
        ],
        'targets': [
            [(19.2, 29.1), (15.7, 27.3), (23.0, 26.4), (16.6, 26.6), (19.2, 29.1)],
            [(11.5, 25.7), (17.4, 23.5), (17.6, 24.6), (12.8, 30.5), (11.5, 25.7)],
            [(19.0, 5.6), (21.2, 8.6), (25.4, 7.3), (21.7, 8.1), (19.0, 8.9), (19.0, 5.6)],
            [(12.6, 7.4), (9.4, 5.0), (9.3, 5.0), (7.4, 10.5), (12.6, 7.4)],
            [(9.2, 17.9), (14.0, 20.8), (5.0, 19.7), (9.2, 17.9)],
        ]
    }