    'scenario_18': {
        'positions': [
            (27.1, 28.6),  # 장애물 1
            (19.6, 26.6),  # 장애물 2
            (9.7, 8.1),  # 장애물 3
            (15.0, 12.9),  # 장애물 4
            (11.8, 29.2),  # 장애물 5
        ],
        'targets': [
            [(27.1, 28.6), (27.1, 24.6), (24.5, 25.8), (27.1, 28.6)],
            [(19.6, 26.6), (22.5, 24.3), (24.5, 27.9), (21.3, 31.2), (19.6, 26.6)],
            [(9.7, 8.1), (14.7, 5.0), (9.2, 5.0), (9.7, 8.1)],
            [(15.0, 12.9), (16.7, 9.4), (16.1, 16.3), (15.0, 12.9)],
            [(11.8, 29.2), (8.0, 28.2), (14.7, 26.7), (15.0, 31.0), (5.5, 32.1), (11.8, 29.2)],
        ]
    }