    'scenario_12': {
        'positions': [
            (29.9, 29.9),  # 장애물 1
            (27.0, 15.9),  # 장애물 2
            (15.8, 26.5),  # 장애물 3
            (8.2, 14.1),  # 장애물 4
            (9.4, 28.7),  # 장애물 5
        ],
        'targets': [
            [(29.9, 29.9), (26.8, 27.9), (26.8, 24.2), (25.9, 35.0), (29.9, 29.9)],
            [(27.0, 15.9), (20.2, 16.1), (32.6, 17.5), (30.0, 13.1), (27.0, 15.9)],
            [(15.8, 26.5), (19.1, 21.3), (19.1, 22.4), (15.2, 31.5), (12.6, 26.7), (15.8, 26.5)],
            [(8.2, 14.1), (9.6, 19.2), (7.3, 18.5), (8.2, 14.1)],
            [(9.4, 28.7), (15.2, 32.0), (13.2, 24.9), (8.5, 23.9), (14.2, 27.1), (9.4, 28.7)],
        ]
    }