    'scenario_20': {
        'positions': [
            (23.0, 28.1),  # 장애물 1
            (21.5, 12.4),  # 장애물 2
            (29.5, 29.1),  # 장애물 3
            (9.0, 20.0),  # 장애물 4
            (23.8, 21.5),  # 장애물 5
        ],
        'targets': [
            [(23.0, 28.1), (23.6, 23.1), (19.0, 31.5), (20.4, 30.5), (26.4, 32.7), (23.0, 28.1)],
            [(21.5, 12.4), (16.0, 13.4), (24.0, 9.5), (23.1, 18.3), (25.7, 10.9), (21.5, 12.4)],
            [(29.5, 29.1), (22.8, 29.5), (26.4, 26.1), (24.6, 32.5), (28.4, 35.0), (29.5, 29.1)],
            [(9.0, 20.0), (5.0, 17.0), (12.2, 24.8), (12.2, 20.5), (9.0, 20.0)],
            [(23.8, 21.5), (24.5, 25.5), (20.9, 20.2), (23.8, 21.5)],
        ]
    }