    'scenario_26': {
        'positions': [
            (23.1, 28.2),  # 장애물 1
            (29.3, 29.3),  # 장애물 2
            (10.5, 27.1),  # 장애물 3
            (9.8, 21.7),  # 장애물 4
            (27.0, 22.9),  # 장애물 5
        ],
        'targets': [
            [(23.1, 28.2), (16.9, 27.5), (27.0, 31.9), (25.9, 30.7), (23.1, 28.2)],
            [(29.3, 29.3), (24.9, 26.1), (26.1, 28.4), (32.4, 29.6), (27.1, 27.1), (29.3, 29.3)],
            [(10.5, 27.1), (5.0, 27.7), (5.0, 25.7), (6.7, 25.4), (12.3, 22.6), (10.5, 27.1)],
            [(9.8, 21.7), (5.8, 23.1), (13.9, 20.6), (9.8, 21.7)],
            [(27.0, 22.9), (24.8, 18.9), (27.9, 26.7), (27.0, 22.9)],
        ]
    }