    'scenario_9': {
        'positions': [
            (7.5, 29.4),  # 장애물 1
            (5.6, 20.5),  # 장애물 2
            (11.0, 8.6),  # 장애물 3
            (23.7, 19.4),  # 장애물 4
            (29.1, 8.2),  # 장애물 5
        ],
        'targets': [
            [(7.5, 29.4), (6.0, 24.8), (5.0, 28.2), (5.0, 23.7), (7.5, 29.4)],
            [(5.6, 20.5), (10.4, 22.4), (5.0, 22.5), (11.6, 20.8), (5.6, 20.5)],
            [(11.0, 8.6), (7.7, 9.7), (10.1, 11.5), (11.0, 8.6)],
            [(23.7, 19.4), (27.3, 17.6), (27.0, 15.2), (23.7, 19.4)],
            [(29.1, 8.2), (30.5, 13.9), (27.0, 13.2), (29.1, 8.2)],
        ]
    }