    'scenario_25': {
        'positions': [
            (16.3, 17.3),  # 장애물 1
            (29.9, 28.7),  # 장애물 2
            (11.4, 21.7),  # 장애물 3
            (23.2, 9.2),  # 장애물 4
            (27.2, 16.6),  # 장애물 5
        ],
        'targets': [
            [(16.3, 17.3), (19.8, 16.7), (13.2, 18.6), (16.3, 17.3)],
            [(29.9, 28.7), (35.0, 31.2), (35.0, 29.6), (32.4, 26.6), (29.9, 28.7)],
            [(11.4, 21.7), (8.3, 16.1), (6.9, 21.6), (16.1, 21.3), (12.6, 24.6), (11.4, 21.7)],
            [(23.2, 9.2), (24.9, 13.7), (20.5, 12.5), (19.4, 5.6), (23.2, 9.2)],
            [(27.2, 16.6), (31.2, 14.9), (23.9, 10.6), (22.7, 20.4), (26.6, 12.6), (27.2, 16.6)],
        ]
    }