    'scenario_29': {
        'positions': [
            (9.9, 13.8),  # 장애물 1
            (11.8, 25.1),  # 장애물 2
            (16.8, 22.7),  # 장애물 3
            (27.9, 24.9),  # 장애물 4
            (14.9, 16.3),  # 장애물 5
        ],
        'targets': [
            [(9.9, 13.8), (13.0, 12.6), (16.0, 12.2), (9.9, 13.8)],
            [(11.8, 25.1), (15.6, 23.3), (12.1, 20.1), (11.8, 25.1)],
            [(16.8, 22.7), (12.4, 25.0), (20.7, 21.8), (20.9, 24.1), (16.8, 22.7)],
            [(27.9, 24.9), (23.6, 28.2), (34.2, 23.2), (22.1, 26.1), (27.9, 24.9)],
            [(14.9, 16.3), (16.1, 13.4), (16.1, 19.6), (14.9, 16.3)],
        ]
    }