    'scenario_13': {
        'positions': [
            (6.4, 18.9),  # 장애물 1
            (14.8, 25.7),  # 장애물 2
            (25.1, 7.9),  # 장애물 3
            (28.7, 29.4),  # 장애물 4
            (22.4, 28.0),  # 장애물 5
        ],
        'targets': [
            [(6.4, 18.9), (6.7, 14.0), (7.7, 13.7), (10.0, 21.7), (11.3, 19.8), (6.4, 18.9)],
            [(14.8, 25.7), (11.8, 24.3), (18.1, 26.3), (13.2, 29.6), (14.8, 25.7)],
            [(25.1, 7.9), (20.8, 8.3), (19.0, 8.8), (24.7, 12.2), (29.5, 11.2), (25.1, 7.9)],
            [(28.7, 29.4), (23.2, 30.7), (23.3, 27.1), (28.7, 29.4)],
            [(22.4, 28.0), (15.7, 26.1), (25.1, 34.2), (20.9, 22.1), (22.4, 28.0)],
        ]
    }