    'scenario_19': {
        'positions': [
            (15.4, 19.5),  # 장애물 1
            (27.4, 29.3),  # 장애물 2
            (11.4, 12.3),  # 장애물 3
            (17.6, 7.6),  # 장애물 4
            (16.0, 25.4),  # 장애물 5
        ],
        'targets': [
            [(15.4, 19.5), (14.5, 22.6), (14.5, 14.8), (10.7, 21.4), (16.2, 23.2), (15.4, 19.5)],
            [(27.4, 29.3), (28.4, 23.6), (33.1, 31.5), (32.6, 31.0), (27.4, 29.3)],
            [(11.4, 12.3), (16.8, 11.0), (11.9, 8.0), (15.6, 10.3), (6.7, 13.0), (11.4, 12.3)],
            [(17.6, 7.6), (20.5, 5.0), (21.9, 8.5), (14.8, 5.6), (23.6, 7.7), (17.6, 7.6)],
            [(16.0, 25.4), (15.7, 21.6), (12.4, 24.4), (21.2, 21.7), (14.5, 21.6), (16.0, 25.4)],
        ]
    }