    'scenario_28': {
        'positions': [
            (29.5, 20.7),  # 장애물 1
            (12.3, 24.2),  # 장애물 2
            (23.4, 25.2),  # 장애물 3
            (28.0, 9.3),  # 장애물 4
            (10.7, 14.0),  # 장애물 5
        ],
        'targets': [
            [(29.5, 20.7), (26.4, 16.2), (25.7, 20.9), (26.4, 21.5), (29.5, 20.7)],
            [(12.3, 24.2), (13.2, 28.0), (5.6, 25.8), (17.9, 28.4), (11.3, 21.1), (12.3, 24.2)],
            [(23.4, 25.2), (21.8, 29.5), (22.7, 18.5), (23.4, 25.2)],
            [(28.0, 9.3), (33.7, 11.6), (23.7, 5.0), (30.8, 11.6), (28.0, 9.3)],
            [(10.7, 14.0), (11.4, 11.0), (12.3, 10.7), (10.7, 14.0)],
        ]
    }