    'scenario_22': {
        'positions': [
            (6.3, 28.5),  # 장애물 1
            (5.2, 20.4),  # 장애물 2
            (22.4, 28.3),  # 장애물 3
            (9.7, 5.5),  # 장애물 4
            (16.7, 21.4),  # 장애물 5
        ],
        'targets': [
            [(6.3, 28.5), (5.0, 33.1), (5.0, 29.2), (5.0, 33.2), (5.0, 30.7), (6.3, 28.5)],
            [(5.2, 20.4), (11.1, 20.8), (8.2, 23.1), (5.2, 20.4)],
            [(22.4, 28.3), (20.7, 22.5), (25.4, 22.3), (18.2, 32.2), (27.1, 27.0), (22.4, 28.3)],
            [(9.7, 5.5), (16.4, 5.0), (6.9, 7.8), (15.2, 5.0), (9.7, 5.5)],
            [(16.7, 21.4), (13.5, 25.9), (11.1, 25.3), (16.7, 21.4)],
        ]
    }