    'scenario_16': {
        'positions': [
            (24.9, 28.2),  # 장애물 1
            (21.3, 12.6),  # 장애물 2
            (6.1, 26.5),  # 장애물 3
            (8.0, 15.3),  # 장애물 4
            (27.5, 21.6),  # 장애물 5
        ],
        'targets': [
            [(24.9, 28.2), (20.0, 26.5), (29.9, 28.0), (25.3, 31.3), (24.9, 28.2)],
            [(21.3, 12.6), (18.4, 18.7), (15.4, 15.8), (25.9, 15.6), (21.3, 12.6)],
            [(6.1, 26.5), (10.1, 27.2), (6.0, 30.5), (5.0, 24.3), (6.1, 26.5)],
            [(8.0, 15.3), (5.4, 19.7), (13.4, 16.1), (5.0, 12.3), (8.0, 15.3)],
            [(27.5, 21.6), (27.7, 18.1), (32.3, 20.8), (25.8, 17.4), (27.5, 21.6)],
        ]
    }