    'scenario_11': {
        'positions': [
            (11.6, 15.8),  # 장애물 1
            (26.0, 26.9),  # 장애물 2
            (10.1, 27.9),  # 장애물 3
            (29.4, 6.8),  # 장애물 4
            (17.9, 26.4),  # 장애물 5
        ],
        'targets': [
            [(11.6, 15.8), (7.1, 16.0), (17.8, 14.4), (11.6, 15.8)],
            [(26.0, 26.9), (22.1, 25.9), (24.0, 23.7), (32.4, 26.9), (26.0, 26.9)],
            [(10.1, 27.9), (14.3, 24.4), (12.9, 21.7), (16.7, 27.9), (10.1, 27.9)],
            [(29.4, 6.8), (34.4, 5.9), (32.9, 5.0), (29.4, 6.8)],
            [(17.9, 26.4), (20.9, 31.0), (21.1, 30.3), (16.8, 22.7), (21.2, 28.2), (17.9, 26.4)],
        ]
    }