    'scenario_30': {
        'positions': [
            (22.4, 20.9),  # 장애물 1
            (20.3, 28.3),  # 장애물 2
            (27.3, 22.4),  # 장애물 3
            (28.4, 27.5),  # 장애물 4
            (15.2, 9.6),  # 장애물 5
        ],
        'targets': [
            [(22.4, 20.9), (27.8, 20.0), (28.3, 20.2), (22.4, 20.9)],
            [(20.3, 28.3), (16.7, 31.1), (18.9, 24.6), (19.4, 31.2), (16.6, 34.1), (20.3, 28.3)],
            [(27.3, 22.4), (31.3, 26.7), (30.5, 20.8), (29.7, 16.3), (27.3, 22.4)],
            [(28.4, 27.5), (30.3, 24.4), (29.9, 23.6), (28.4, 27.5)],
            [(15.2, 9.6), (17.7, 16.1), (17.0, 12.4), (10.6, 5.0), (19.6, 5.0), (15.2, 9.6)],
        ]
    }