    'scenario_8': {
        'positions': [
            (6.0, 28.2),  # 장애물 1
            (9.3, 9.3),  # 장애물 2
            (29.7, 27.3),  # 장애물 3
            (16.5, 25.2),  # 장애물 4
            (25.0, 15.1),  # 장애물 5
        ],
        'targets': [
            [(6.0, 28.2), (8.6, 25.3), (6.4, 23.2), (5.0, 31.5), (6.0, 28.2)],
            [(9.3, 9.3), (12.5, 5.0), (6.0, 5.0), (13.9, 12.0), (6.7, 14.2), (9.3, 9.3)],
            [(29.7, 27.3), (25.8, 21.5), (34.8, 23.7), (23.9, 24.0), (24.5, 30.9), (29.7, 27.3)],
            [(16.5, 25.2), (19.0, 31.6), (10.4, 22.2), (21.5, 22.5), (19.2, 29.6), (16.5, 25.2)],
            [(25.0, 15.1), (22.2, 21.0), (26.7, 18.4), (29.4, 18.5), (25.0, 15.1)],
        ]
    }