    'scenario_14': {
        'positions': [
            (16.7, 27.8),  # 장애물 1
            (7.5, 17.2),  # 장애물 2
            (24.5, 11.1),  # 장애물 3
            (27.8, 28.9),  # 장애물 4
            (18.2, 21.8),  # 장애물 5
        ],
        'targets': [
            [(16.7, 27.8), (11.9, 28.9), (15.9, 24.1), (16.7, 27.8)],
            [(7.5, 17.2), (11.5, 20.5), (5.1, 14.8), (7.5, 17.2)],
            [(24.5, 11.1), (26.8, 5.5), (28.3, 14.4), (29.0, 6.2), (20.0, 13.7), (24.5, 11.1)],
            [(27.8, 28.9), (29.1, 23.0), (22.9, 28.9), (27.8, 28.9)],
            [(18.2, 21.8), (22.4, 23.5), (17.3, 16.8), (14.8, 21.9), (16.9, 25.0), (18.2, 21.8)],
        ]
    }