    'scenario_24': {
        'positions': [
            (25.8, 18.7),  # 장애물 1
            (29.1, 25.0),  # 장애물 2
            (14.5, 15.9),  # 장애물 3
            (7.9, 27.8),  # 장애물 4
            (25.0, 11.4),  # 장애물 5
        ],
        'targets': [
            [(25.8, 18.7), (22.7, 16.7), (21.0, 23.6), (25.8, 18.7)],
            [(29.1, 25.0), (31.9, 26.5), (32.9, 22.1), (24.8, 27.6), (29.1, 25.0)],
            [(14.5, 15.9), (9.2, 13.0), (12.4, 20.0), (15.5, 9.3), (14.5, 15.9)],
            [(7.9, 27.8), (5.8, 23.0), (5.0, 30.3), (7.9, 27.8)],
            [(25.0, 11.4), (29.3, 9.7), (21.8, 16.2), (29.4, 10.8), (30.0, 15.3), (25.0, 11.4)],
        ]
    }