    'scenario_15': {
        'positions': [
            (17.6, 26.7),  # 장애물 1
            (20.6, 8.1),  # 장애물 2
            (25.1, 20.6),  # 장애물 3
            (18.1, 16.7),  # 장애물 4
            (9.3, 6.5),  # 장애물 5
        ],
        'targets': [
            [(17.6, 26.7), (14.4, 20.7), (23.8, 23.7), (12.6, 29.1), (17.9, 21.3), (17.6, 26.7)],
            [(20.6, 8.1), (17.4, 11.7), (17.7, 9.3), (17.4, 8.5), (18.7, 5.0), (20.6, 8.1)],
            [(25.1, 20.6), (28.8, 22.5), (27.0, 15.0), (30.4, 21.3), (25.1, 20.6)],
            [(18.1, 16.7), (24.9, 16.2), (14.5, 19.9), (18.1, 16.7)],
            [(9.3, 6.5), (6.2, 5.0), (10.8, 10.6), (9.3, 6.5)],
        ]
    }