    'scenario_21': {
        'positions': [
            (14.8, 26.0),  # 장애물 1
            (28.1, 10.2),  # 장애물 2
            (23.1, 20.5),  # 장애물 3
            (22.4, 8.0),  # 장애물 4
            (28.3, 19.0),  # 장애물 5
        ],
        'targets': [
            [(14.8, 26.0), (14.7, 21.4), (16.5, 30.1), (14.6, 23.0), (14.8, 26.0)],
            [(28.1, 10.2), (28.9, 5.0), (34.5, 12.7), (28.1, 10.2)],
            [(23.1, 20.5), (23.8, 24.7), (19.9, 15.7), (27.3, 21.2), (24.4, 23.5), (23.1, 20.5)],
            [(22.4, 8.0), (16.7, 6.1), (19.5, 14.1), (22.4, 8.0)],
            [(28.3, 19.0), (26.6, 13.7), (26.3, 25.2), (31.5, 20.1), (26.3, 13.1), (28.3, 19.0)],
        ]
    }